> What's the chance of rolling x or more pips in y rolls?

      1     2     3     4  
    ----- ----- ----- -----
  0 100.0 100.0 100.0 100.0
  1 100.0 100.0 100.0 100.0
  2 100.0 100.0 100.0 100.0
  3 100.0 100.0 100.0 100.0
  4  94.4 100.0 100.0 100.0
  5  86.1 100.0 100.0 100.0
  6  75.0 100.0 100.0 100.0
  7  63.9  99.7 100.0 100.0
  8  47.2  98.8 100.0 100.0
  9  33.3  96.8 100.0 100.0
 10  22.2  93.7 100.0 100.0
 11  16.7  88.8  99.9 100.0
 12  11.1  82.0  99.7 100.0
 13   8.3  73.5  99.2 100.0
 14   8.3  64.3  98.3 100.0
 15   8.3  54.4  96.8 100.0
 16   8.3  44.8  94.4  99.9
 17   5.6  36.3  90.9  99.8
 18   5.6  29.5  86.4  99.5
 19   5.6  24.2  80.7  99.1
 20   5.6  20.2  74.1  98.3
 21   2.8  17.4  66.9  97.1
 22   2.8  15.6  59.4  95.3
 23   2.8  14.4  52.0  92.8
 24   2.8  12.8  45.2  89.6